36
41
28
30
17
26
4
24
23
2
43
38
4
29
28
31
39
14
46
35
29
7
9
8
50
21
43
2
6
48
40
5
21
21
3
32
17
33
4
17
47
31
26
17
30
13
49
2
11
31
42
35
32
17
15
14
13
32
27
45
47
14
16
3
34
34
5
38
31
11
24
3
4
25
17
31
10
5
21
32
6
33
44
22
45
1
44
9
20
10
8
28
37
49
40
47
24
1
37
16
23
18
3
50
10
10
6
38
7
45
22
47
12
4
37
30
32
47
26
18
19
40
50
37
26
9
23
30
20
22
45
12
39
40
46
17
48
5
13
7
24
8
18
5
5
12
12
34
46
49
46
22
29
17
43
43
42
47
39
6
16
42
7
29
37
47
50
29
34
44
44
24
39
40
4
32
24
47
25
12
31
1
15
3
29
6
36
39
34
27
4
44
3
29
11
28
15
29
43
35
45
34
5
28
44
25
46
50
27
46
6
42
31
49
28
3
8
30
13
35
31
26
12
9
46
36
3
24
41
50
42
47
28
27
27
8
39
9
1
28
14
46
34
45
2
46
34
31
7
17
2
47
26
40
35
35
37
27
22
38
40
45
20
29
10
40
48
17
48
9
8
6
41
38
43
22
15
38
49
44
40
18
45
46
15
15
21
3
31
33
38
20
29
25
4
38
44
44
42
28
22
9
14
27
32
41
15
41
43
4
2
8
37
41
44
46
36
2
35
27
38
31
43
4
5
20
19
47
10
38
32
32
25
50
46
30
45
26
2
2
43
10
40
28
25
15
27
47
9
37
2
33
27
44
47
47
29
47
27
46
39
49
17
28
5
29
38
21
36
13
16
16
29
40
28
45
47
38
34
29
42
21
34
4
42
17
12
49
40
1
45
37
3
14
5
31
7
2
11
6
21
15
17
7
33
15
33
19
46
33
12
50
32
49
1
23
33
13
7
48
23
28
24
10
31
42
15
50
43
2
26
32
40
17
22
30
49
9
17
8
45
46
3
30
16
33
4
7
42
39
42
11
35
23
48
43
32
8
7
12
33
18
19
6
13
34
39
16
26
1
27
3
34
20
13
9
45
25
39
22
8
39
21
40
37
4
46
10
46
17
9
23
50
18
7
18
6
6
42
18
11
12
6
7
24
27
7
20
5
15
37
20
30
16
36
21
11
7
24
48
1
13
10
11
12
46
2
39
47
45
31
48
49
36
37
50
48
36
8
10
12
13
35
11
41
22
13
44
5
22
9
30
5
6
50
13
9
12
27
28
19
38
30
14
12
12
11
19
12
30
28
10
30
31
3
49
1
28
9
27
50
41
19
50
40
37
30
5
6
6
22
13
41
21
36
40
38
31
28
25
11
48
18
47
14
1
32
26
38
13
24
28
20
46
37
26
35
12
11
47
35
5
49
26
7
12
43
44
27
27
29
12
2
49
22
26
21
10
24
47
21
30
30
1
46
9
10
44
47
29
44
46
20
42
5
22
8
39
3
49
21
28
49
24
25
32
38
37
40
45
3
40
20
39
45
9
28
28
12
20
31
28
34
34
38
3
14
36
36
10
40
41
33
14
11
22
29
30
43
40
45
30
35
46
9
21
13
43
14
45
28
44
45
14
27
43
7
39
35
40
32
16
34
17
37
3
38
23
21
28
45
16
28
6
50
12
44
17
34
12
6
30
47
35
4
31
46
14
17
31
8
31
9
13
14
47
43
34
46
19
37
37
10
10
29
12
35
12
33
30
40
5
6
41
24
10
35
41
41
2
35
35
6
18
42
41
18
43
24
32
28
23
12
37
48
36
25
8
30
39
12
13
22
7
21
24
12
13
8
49
36
7
5
2
12
47
34
3
12
12
50
21
49
14
11
43
19
2
46
37
34
17
13
17
24
20
10
27
9
46
28
50
1
1
21
30
38
10
17
38
30
19
12
14
32
32
8
37
19
33
6
1
34
26
22
31
8
41
49
45
20
32
6
11
47
35
35
13
39
8
5
18
8
24
30
12
20
25
28
18
26
41
16
8
23
8
33
24
7
50
32
42
39
42
33
37
34
48
16
13
16
46
43
8
17
33
4
13
22
36
42
8
21
48
8
40
44
35
12
37
39
47
45
1
38
47
41
45
19
48
10
7
50
16
26
28
22
23
11
46
19
32
18
46
28
5
32
41
41
45
33
13
8
3
14
50
43
5
12
50
25
33
21
41
28
31
31
32
31
30
27
9
35
49
21
30
15
17
26
24
23
7
20
39
30
10
40
14
2
32
